0 1.01102449626056037e-01
1 5.35372482056311189e-02
2 4.82605741901479326e-02
3 4.66339213478380032e-02
4 4.56081454502063680e-02
5 4.54225834065569156e-02
6 4.49992745548701070e-02
7 4.48633748508072000e-02
8 4.50198635751918735e-02
9 4.53742865685917499e-02
10 4.48485836923904688e-02
11 4.46806440755609449e-02
12 4.46239210767865602e-02
13 4.46782477794539709e-02
14 4.47064928514430276e-02
15 4.46939799493564910e-02
16 4.49206488512229329e-02
17 4.48793752232849591e-02
18 4.48143140256325664e-02
19 4.46885624053277586e-02
20 4.48651147968964284e-02
21 4.48719418767505179e-02
22 4.47543124898101968e-02
23 4.47957837162982278e-02
24 4.47596539992338102e-02
25 4.46010953014145534e-02
26 4.48848375299409491e-02
27 4.46611404949441848e-02
28 4.45542001550422173e-02
29 4.47933153616364224e-02
30 4.49829044355267924e-02
31 4.48299261157305423e-02
32 4.47531144482161553e-02
33 4.46755201718379499e-02
34 4.49290674882604629e-02
35 4.47441612004879502e-02
36 4.47020133832586042e-02
37 4.50059014940700428e-02
38 4.47685554219730969e-02
39 4.47663198341729726e-02
40 4.48053396973593018e-02
41 4.46692931726992565e-02
42 4.47343691596658946e-02
43 4.44931401105784635e-02
44 4.46974154184868813e-02
45 4.47646641245112303e-02
46 4.47480287651549485e-02
47 4.49392153267579447e-02
48 4.46681972540815056e-02
49 4.48701810925125621e-02
50 4.48796429084009837e-02
51 4.46353888522606906e-02
52 4.49487357483512179e-02
53 4.49381651303486021e-02
54 4.47228282888104886e-02
55 4.46269407353024061e-02
56 4.46640391846281626e-02
57 4.48840419835840471e-02
58 4.46971288955291396e-02
59 4.47194428071321509e-02
60 4.45598359941426075e-02
61 4.48092849301753929e-02
62 4.49270101610829559e-02
63 4.48492016812359201e-02
64 4.49068270623192919e-02
65 4.48890277132558274e-02
66 4.46282149225336530e-02
67 4.50194877416152939e-02
68 4.46975994785190622e-02
69 4.49681447492720765e-02
70 4.46552858436061670e-02
71 4.48740325476020482e-02
72 4.46045819653252892e-02
73 4.48257601805176348e-02
74 4.48800079517744643e-02
75 4.50267002461912508e-02
76 4.48221703855245929e-02
77 4.48957676979988146e-02
78 4.48519978486708742e-02
79 4.47126488802925548e-02
80 4.48612173970905567e-02
81 4.48209680385084491e-02
82 4.47759845938080908e-02
83 4.46991605999964570e-02
84 4.46579314711029948e-02
85 4.48408973206230257e-02
86 4.48064736135959235e-02
87 4.48723494822946128e-02
88 4.49036146361301222e-02
89 4.48102673113265487e-02
90 4.46381066633875223e-02
91 4.46741580450495460e-02
92 4.47008867839565754e-02
93 4.48267310327027033e-02
94 4.47404811379161563e-02
95 4.48328311488547585e-02
96 4.48642976198097912e-02
97 4.49211994207950882e-02
98 4.47091479481826551e-02
99 4.47045623606826120e-02
100 4.48596447067813459e-02
101 4.48627709968318425e-02
102 4.48931103095061429e-02
103 4.50747175080951495e-02
104 4.49442493857403619e-02
105 4.46283208809148332e-02
106 4.49556158471387107e-02
107 4.48035002190621534e-02
108 4.48422656527136254e-02
109 4.48600767769961606e-02
110 4.47358883993420747e-02
111 4.47921958661981617e-02
112 4.48978013680320295e-02
113 4.49200703005873669e-02
114 4.48391298780678876e-02
115 4.49815005407842167e-02
116 4.48932357618273756e-02
117 4.48152264246749130e-02
118 4.49280004934344071e-02
119 4.49528584965235567e-02
120 4.49000104345844558e-02
121 4.49272313877911514e-02
122 4.49778998675269825e-02
123 4.49584221007416421e-02
124 4.49382424873182376e-02
125 4.48586723490683112e-02
126 4.46970474443330670e-02
127 4.46693125061359969e-02
128 4.47243101666603138e-02
129 4.46363219565181005e-02
130 4.48101254075516792e-02
131 4.48298762167117087e-02
132 4.47450227094021435e-02
133 4.48249974503144646e-02
134 4.49465397465106248e-02
135 4.46951090956208968e-02
136 4.46867660898906394e-02
137 4.48032533650067205e-02
138 4.49796826807399852e-02
139 4.45016959617725305e-02
140 4.49835744276882721e-02
141 4.48458073548798353e-02
142 4.48043397167882732e-02
143 4.47144292508294475e-02
144 4.49169563641981795e-02
145 4.48082665030781827e-02
146 4.49364070794093379e-02
147 4.46970150588515483e-02
148 4.47920464920853953e-02
149 4.48187391226068238e-02
150 4.48488483412126798e-02
151 4.46281232653778642e-02
152 4.47910566615022793e-02
153 4.47459892278668364e-02
154 4.47460241273308704e-02
155 4.50093197296530523e-02
156 4.48307488379976610e-02
157 4.47468777762370234e-02
158 4.48249868342978086e-02
159 4.47811637058680989e-02
160 4.46540123089917626e-02
161 4.48077667823081199e-02
162 4.46087981125848354e-02
163 4.45131866129061596e-02
164 4.45608019229174895e-02
165 4.46858318392827913e-02
166 4.46056876681759917e-02
167 4.48900227918721528e-02
168 4.47012750482417218e-02
169 4.48455719511695050e-02
170 4.47786006029053454e-02
171 4.46719345611399921e-02
172 4.48726528021374943e-02
173 4.46048884603872653e-02
174 4.47984051074633849e-02
175 4.47474619583659236e-02
176 4.48009348245055825e-02
177 4.48974483573901309e-02
178 4.49337459154711127e-02
179 4.47941472959900444e-02
180 4.48891291261474673e-02
181 4.48995330548649443e-02
182 4.47177115226822172e-02
183 4.48465849286147772e-02
184 4.49337966755067528e-02
185 4.52840529063593747e-02
186 4.53144663722376273e-02
187 4.56807659078861047e-02
188 4.64704596957106683e-02
189 4.84373562012852532e-02
190 5.34733104652426461e-02
191 1.00164535474082245e-01
