0 1.01102449626056037e-01
1 5.35372482056311189e-02
2 4.82605741901479326e-02
3 4.66339213478380032e-02
4 4.56081454502063680e-02
5 4.54225834065569156e-02
6 4.49992745548701070e-02
7 4.48633748508072000e-02
8 4.50198635751918735e-02
9 4.53742865685917499e-02
10 4.48485836923904688e-02
11 4.46806440755609449e-02
12 4.46239210767865602e-02
13 4.46782477794539709e-02
14 4.47064928514430276e-02
15 4.46939799493564910e-02
16 4.49206488512229329e-02
17 4.48793752232849591e-02
18 4.48143140256325664e-02
19 4.46885624053277586e-02
20 4.48651147968964284e-02
21 4.48719418767505179e-02
22 4.47543124898101968e-02
23 4.47957837162982278e-02
24 4.47596539992338102e-02
25 4.46010953014145534e-02
26 4.48848375299409491e-02
27 4.46611404949441848e-02
28 4.45542001550422173e-02
29 4.47933153616364224e-02
30 4.49829044355267924e-02
31 4.48299261157305423e-02
32 4.47531144482161344e-02
33 4.46755201718380124e-02
34 4.49290674882603658e-02
35 4.47441612004879918e-02
36 4.47020133832586319e-02
37 4.50059014940700081e-02
38 4.47685554219730969e-02
39 4.47663198341729657e-02
40 4.48053396973592463e-02
41 4.46692931726992426e-02
42 4.47343691596659501e-02
43 4.44931401105783941e-02
44 4.46974154184868189e-02
45 4.47646641245112997e-02
46 4.47480287651549555e-02
47 4.49392153267579517e-02
48 4.46681972540815334e-02
49 4.48701810925125968e-02
50 4.48796429084010254e-02
51 4.46353888522606837e-02
52 4.49487357483512456e-02
53 4.49381651303486368e-02
54 4.47228282888104747e-02
55 4.46269407353023645e-02
56 4.46640391846281765e-02
57 4.48840419835840887e-02
58 4.46971288955291396e-02
59 4.47194428071321995e-02
60 4.45598359941427324e-02
61 4.48092849301753235e-02
62 4.49270101610829420e-02
63 4.48492016812359132e-02
64 4.49068270623192850e-02
65 4.48890277132558135e-02
66 4.46282149225336461e-02
67 4.50194877416152800e-02
68 4.46975994785189581e-02
69 4.49681447492721043e-02
70 4.46552858436060768e-02
71 4.48740325476020135e-02
72 4.46045819653252962e-02
73 4.48257601805175931e-02
74 4.48800079517744505e-02
75 4.50267002461912785e-02
76 4.48221703855245443e-02
77 4.48957676979988771e-02
78 4.48519978486708118e-02
79 4.47126488802925479e-02
80 4.48612173970905359e-02
81 4.48209680385084075e-02
82 4.47759845938081047e-02
83 4.46991605999964847e-02
84 4.46579314711030018e-02
85 4.48408973206229355e-02
86 4.48064736135959513e-02
87 4.48723494822946614e-02
88 4.49036146361300320e-02
89 4.48102673113265348e-02
90 4.46381066633875362e-02
91 4.46741580450495737e-02
92 4.47008867839566726e-02
93 4.48267310327026478e-02
94 4.47404811379161771e-02
95 4.48328311488547515e-02
96 4.48642976198097565e-02
97 4.49211994207950674e-02
98 4.47091479481826690e-02
99 4.47045623606826398e-02
100 4.48596447067813875e-02
101 4.48627709968318217e-02
102 4.48931103095061221e-02
103 4.50747175080952051e-02
104 4.49442493857404451e-02
105 4.46283208809148124e-02
106 4.49556158471386830e-02
107 4.48035002190621812e-02
108 4.48422656527136532e-02
109 4.48600767769961328e-02
110 4.47358883993421164e-02
111 4.47921958661980785e-02
112 4.48978013680320087e-02
113 4.49200703005872976e-02
114 4.48391298780678599e-02
115 4.49815005407841889e-02
116 4.48932357618273617e-02
117 4.48152264246748783e-02
118 4.49280004934344279e-02
119 4.49528584965235359e-02
120 4.49000104345844003e-02
121 4.49272313877911028e-02
122 4.49778998675269756e-02
123 4.49584221007416698e-02
124 4.49382424873182237e-02
125 4.48586723490682973e-02
126 4.46970474443330670e-02
127 4.46693125061359761e-02
128 4.47243101666603832e-02
129 4.46363219565181490e-02
130 4.48101254075517139e-02
131 4.48298762167116879e-02
132 4.47450227094021435e-02
133 4.48249974503145202e-02
134 4.49465397465106248e-02
135 4.46951090956208205e-02
136 4.46867660898906810e-02
137 4.48032533650067344e-02
138 4.49796826807400477e-02
139 4.45016959617725166e-02
140 4.49835744276882721e-02
141 4.48458073548798630e-02
142 4.48043397167881899e-02
143 4.47144292508295585e-02
144 4.49169563641981309e-02
145 4.48082665030781618e-02
146 4.49364070794092685e-02
147 4.46970150588515205e-02
148 4.47920464920854092e-02
149 4.48187391226068446e-02
150 4.48488483412125688e-02
151 4.46281232653778920e-02
152 4.47910566615022793e-02
153 4.47459892278668225e-02
154 4.47460241273308218e-02
155 4.50093197296531008e-02
156 4.48307488379976748e-02
157 4.47468777762369263e-02
158 4.48249868342978017e-02
159 4.47811637058680850e-02
160 4.46540123089917626e-02
161 4.48077667823081199e-02
162 4.46087981125848354e-02
163 4.45131866129061596e-02
164 4.45608019229174895e-02
165 4.46858318392827913e-02
166 4.46056876681759917e-02
167 4.48900227918721528e-02
168 4.47012750482417218e-02
169 4.48455719511695050e-02
170 4.47786006029053454e-02
171 4.46719345611399921e-02
172 4.48726528021374943e-02
173 4.46048884603872653e-02
174 4.47984051074633849e-02
175 4.47474619583659236e-02
176 4.48009348245055825e-02
177 4.48974483573901309e-02
178 4.49337459154711127e-02
179 4.47941472959900444e-02
180 4.48891291261474673e-02
181 4.48995330548649443e-02
182 4.47177115226822172e-02
183 4.48465849286147772e-02
184 4.49337966755067528e-02
185 4.52840529063593747e-02
186 4.53144663722376273e-02
187 4.56807659078861047e-02
188 4.64704596957106683e-02
189 4.84373562012852532e-02
190 5.34733104652426461e-02
191 1.00164535474082245e-01
