TSLICE 1 0 1.0411803659519927e+00 1.0431237017993227e+00 1.0421520338756576e+00 -9.7166792366498722e-04 13824
TSLICE 1 1 1.0372767941866217e+00 1.0349815580005577e+00 1.0361291760935898e+00 1.1476180930319879e-03 13824
TSLICE 1 2 1.0443151140205689e+00 1.0413735181513337e+00 1.0428443160859513e+00 1.4707979346175737e-03 13824
TSLICE 1 3 1.0403966164962495e+00 1.0368492895371444e+00 1.0386229530166968e+00 1.7736634795525452e-03 13824
TSLICE 1 4 1.0368199876999353e+00 1.0401898335989703e+00 1.0385049106494528e+00 -1.6849229495174978e-03 13824
TSLICE 1 5 1.0356265606495272e+00 1.0373766790397827e+00 1.0365016198446551e+00 -8.7505919512775865e-04 13824
TSLICE 1 6 1.0396529828757564e+00 1.0416870591980609e+00 1.0406700210369086e+00 -1.0170381611522838e-03 13824
TSLICE 1 7 1.0366365073412835e+00 1.0374921405291699e+00 1.0370643239352266e+00 -4.2781659394319771e-04 13824
TSLICE 1 8 1.0400928416503643e+00 1.0370437131706798e+00 1.0385682774105220e+00 1.5245642398422632e-03 13824
TSLICE 1 9 1.0366228307518992e+00 1.0379296091688142e+00 1.0372762199603567e+00 -6.5338920845747772e-04 13824
TSLICE 1 10 1.0361022821126247e+00 1.0334885109734955e+00 1.0347953965430601e+00 1.3068855695645976e-03 13824
TSLICE 1 11 1.0381265798686852e+00 1.0325567380143421e+00 1.0353416589415136e+00 2.7849209271715303e-03 13824
TSLICE 1 12 1.0348346037353677e+00 1.0380538322089532e+00 1.0364442179721605e+00 -1.6096142367927335e-03 13824
TSLICE 1 13 1.0403152969172851e+00 1.0440635148461199e+00 1.0421894058817025e+00 -1.8741089644174203e-03 13824
TSLICE 1 14 1.0383222499585347e+00 1.0340903436566811e+00 1.0362062968076078e+00 2.1159531509268303e-03 13824
TSLICE 1 15 1.0318908939978064e+00 1.0440984354124998e+00 1.0379946647051530e+00 -6.1037707073466896e-03 13824
TSLICE 1 16 1.0343735912766407e+00 1.0369797646457093e+00 1.0356766779611750e+00 -1.3030866845342715e-03 13824
TSLICE 1 17 1.0334354479793812e+00 1.0371593014760732e+00 1.0352973747277272e+00 -1.8619267483459545e-03 13824
TSLICE 1 18 1.0447474508171002e+00 1.0367328810110743e+00 1.0407401659140874e+00 4.0072849030129420e-03 13824
TSLICE 1 19 1.0403088505083706e+00 1.0446156372226869e+00 1.0424622438655287e+00 -2.1533933571581398e-03 13824
TSLICE 1 20 1.0458584255377315e+00 1.0482358885789187e+00 1.0470471570583251e+00 -1.1887315205936222e-03 13824
TSLICE 1 21 1.0478692945101233e+00 1.0413097214955380e+00 1.0445895080028307e+00 3.2797865072926591e-03 13824
TSLICE 1 22 1.0392433095584410e+00 1.0375639547475981e+00 1.0384036321530195e+00 8.3967740542145730e-04 13824
TSLICE 1 23 1.0412098664142495e+00 1.0380628116009833e+00 1.0396363390076164e+00 1.5735274066330796e-03 13824
TSLICE 1 24 1.0463355857829255e+00 1.0422868466653266e+00 1.0443112162241261e+00 2.0243695587994770e-03 13824
TSLICE 1 25 1.0409475723632642e+00 1.0438039427259733e+00 1.0423757575446189e+00 -1.4281851813545687e-03 13824
TSLICE 1 26 1.0394124935203892e+00 1.0434423345784545e+00 1.0414274140494220e+00 -2.0149205290326266e-03 13824
TSLICE 1 27 1.0429894842209468e+00 1.0488048582038156e+00 1.0458971712123812e+00 -2.9076869914343995e-03 13824
TSLICE 1 28 1.0453486368878484e+00 1.0422200205334344e+00 1.0437843287106414e+00 1.5643081772069856e-03 13824
TSLICE 1 29 1.0398340939746999e+00 1.0414452039860167e+00 1.0406396489803584e+00 -8.0555500565837601e-04 13824
TSLICE 1 30 1.0385880692570408e+00 1.0306646349620978e+00 1.0346263521095693e+00 3.9617171474715107e-03 13824
TSLICE 1 31 1.0424121214178763e+00 1.0410085281530543e+00 1.0417103247854653e+00 7.0179663241098922e-04 13824
TSLICE 1 32 1.0475254275450097e+00 1.0443730053186802e+00 1.0459492164318449e+00 1.5762111131647494e-03 13824
TSLICE 1 33 1.0459407404641741e+00 1.0442668511788087e+00 1.0451037958214915e+00 8.3694464268269098e-04 13824
TSLICE 1 34 1.0421137766933255e+00 1.0445490068628072e+00 1.0433313917780662e+00 -1.2176150847408307e-03 13824
TSLICE 1 35 1.0413614696851179e+00 1.0410449236804615e+00 1.0412031966827897e+00 1.5827300232817976e-04 13824
TSLICE 1 36 1.0360220879723765e+00 1.0307240132440847e+00 1.0333730506082306e+00 2.6490373641459009e-03 13824
TSLICE 1 37 1.0405486851877039e+00 1.0310524827600984e+00 1.0358005839739013e+00 4.7481012138027578e-03 13824
TSLICE 1 38 1.0371441876102583e+00 1.0420904403115128e+00 1.0396173139608855e+00 -2.4731263506272416e-03 13824
TSLICE 1 39 1.0332877888292282e+00 1.0367596718485592e+00 1.0350237303388936e+00 -1.7359415096654951e-03 13824
TSLICE 1 40 1.0376355667818868e+00 1.0386385946918428e+00 1.0381370807368648e+00 -5.0151395497799456e-04 13824
TSLICE 1 41 1.0444528529735129e+00 1.0403745007083065e+00 1.0424136768409098e+00 2.0391761326031821e-03 13824
TSLICE 1 42 1.0399029515047660e+00 1.0314088804399477e+00 1.0356559159723568e+00 4.2470355324091269e-03 13824
TSLICE 1 43 1.0397356967435230e+00 1.0368621565792240e+00 1.0382989266613736e+00 1.4367700821494855e-03 13824
TSLICE 1 44 1.0356491883964465e+00 1.0335982104246124e+00 1.0346236994105293e+00 1.0254889859170335e-03 13824
TSLICE 1 45 1.0395182871007078e+00 1.0361689772318174e+00 1.0378436321662625e+00 1.6746549344451855e-03 13824
TSLICE 1 46 1.0406228177723822e+00 1.0374179659324143e+00 1.0390203918523984e+00 1.6024259199839408e-03 13824
TSLICE 1 47 1.0427971412440578e+00 1.0441023448319315e+00 1.0434497430379945e+00 -6.5260179393689111e-04 13824
