Selected common plateau window:
 R fit_window  plateau_value  err_plateau_jackknife     chi2  dof  chi2_per_dof  p_value
 1        3-5       0.480494               0.000506 0.324413    2      0.162207 0.850266
 2        3-5       0.702261               0.001393 3.389712    2      1.694856 0.183626
 3        3-5       0.836506               0.002919 2.988116    2      1.494058 0.224460
 4        3-5       0.938115               0.004888 0.582386    2      0.291193 0.747372

Key stability windows:
 R  Tmin  Tmax  plateau_value  err_plateau_jackknife  chi2_per_dof      p_value
 1     2     4       0.483485               0.000377     20.028219 2.003802e-09
 1     3     5       0.480494               0.000506      0.162207 8.502656e-01
 1     3     6       0.480317               0.000476      0.456689 7.125657e-01
 1     4     6       0.480431               0.000650      0.651858 5.210766e-01
 1     4     7       0.480216               0.000615      0.781877 5.038355e-01
 1     5     7       0.479359               0.001030      0.634413 5.302468e-01
 2     2     4       0.707397               0.000856     10.190401 3.752882e-05
 2     3     5       0.702261               0.001393      1.694856 1.836256e-01
 2     3     6       0.702394               0.001375      1.246372 2.910478e-01
 2     4     6       0.705883               0.002776      0.822526 4.393204e-01
 2     4     7       0.704949               0.002622      0.899550 4.404566e-01
 2     5     7       0.699259               0.005275      0.576456 5.618860e-01
 3     2     4       0.845344               0.001512      7.657335 4.725651e-04
 3     3     5       0.836506               0.002919      1.494058 2.244599e-01
 3     3     6       0.836333               0.002909      1.166932 3.206588e-01
 3     4     6       0.842597               0.005828      0.981183 3.748673e-01
 3     4     7       0.842763               0.005798      0.680415 5.638904e-01
 3     5     7       0.862109               0.014776      0.007481 9.925471e-01
 4     2     4       0.952040               0.002269      5.068828 6.289785e-03
 4     3     5       0.938115               0.004888      0.291193 7.473715e-01
 4     3     6       0.937990               0.004877      0.241381 8.675112e-01
 4     4     6       0.931687               0.010175      0.112977 8.931709e-01
 4     4     7       0.926520               0.009647      0.924265 4.279981e-01
 4     5     7       0.926765               0.028178      1.386354 2.499850e-01

Wrote:
/home/m2130292/Masterarbeit/laplace_static/results/laplace_Veff_R1-4_T1-7_t0avg6_correlated_plateau_windows.csv
/home/m2130292/Masterarbeit/laplace_static/results/laplace_static_potential_R1-4_T3-5_t0avg6_correlated.csv
/home/m2130292/Masterarbeit/laplace_static/results/figures/laplace_Veff_correlated_plateau_T3-5_t0avg6_R1-4.png
/home/m2130292/Masterarbeit/laplace_static/results/figures/laplace_static_potential_correlated_T3-5_t0avg6.png
