Selected common plateau window:
 R fit_window  plateau_value  err_plateau_jackknife       chi2  dof  chi2_per_dof      p_value status
 1        3-5     0.48074125          0.00020416429  18.340755    2     9.1703776 0.0001040772     ok
 2        3-5     0.70361919          0.00061066855  3.4044996    2     1.7022498   0.18227298     ok
 3        3-5     0.84474778            0.001146769  2.2778805    2     1.1389403   0.32015813     ok
 4        3-5     0.94904293           0.0014343482  2.0500842    2     1.0250421   0.35878137     ok
 5        3-5      1.0437378           0.0022610951  6.5505566    2     3.2752783  0.037806345     ok
 6        3-5      1.1211991           0.0042260447 0.93766555    2    0.46883277   0.62573221     ok

Key stability windows:
 R  Tmin  Tmax  plateau_value  err_plateau_jackknife  chi2_per_dof       p_value status
 1     2     4     0.48326215          0.00014386471     141.68224 2.9388927e-62     ok
 1     3     5     0.48074125          0.00020416429     9.1703776  0.0001040772     ok
 1     3     6     0.48072457          0.00020397728     7.3289699 6.5641507e-05     ok
 1     4     6     0.47977083          0.00032435928     3.8425086    0.02143975     ok
 1     4     7     0.47976978          0.00032422763     2.5659588   0.052686318     ok
 1     5     7     0.47882486          0.00047624525     0.1802087    0.83509591     ok
 2     2     4     0.70892797          0.00035190245     53.831524 4.1808662e-24     ok
 2     3     5     0.70361919          0.00061066855     1.7022498    0.18227298     ok
 2     3     6     0.70370856          0.00060357772     1.4440425    0.22776186     ok
 2     4     6     0.70221049           0.0011190289    0.90231752    0.40562852     ok
 2     4     7     0.70202899           0.0010973936    0.83051464    0.47682123     ok
 2     5     7     0.69952114           0.0021189542    0.28869498    0.74924071     ok
 3     2     4     0.84932332          0.00063560642     12.619419 3.3071656e-06     ok
 3     3     5     0.84474778            0.001146769     1.1389403    0.32015813     ok
 3     3     6     0.84480132            0.001145422     1.0688356    0.36086857     ok
 3     4     6     0.84262192           0.0023833541     1.0595962    0.34659572     ok
 3     4     7     0.84265248           0.0023745337    0.71381726    0.54357241     ok
 3     5     7     0.84785078           0.0059120297    0.60980986    0.54345419     ok
 4     2     4     0.95459811          0.00091616838     12.515223 3.6703522e-06     ok
 4     3     5     0.94904293           0.0014343482     1.0250421    0.35878137     ok
 4     3     6     0.94871474           0.0014073305     1.1509859    0.32691481     ok
 4     4     6     0.94553441           0.0044239346      1.438981     0.2371693     ok
 4     4     7     0.94586217            0.004423268     7.0305122 0.00010076708     ok
 4     5     7      0.9218171            0.011059954     7.7325117 0.00043834176     ok
 5     2     4      1.0505138           0.0014525051     10.752437 2.1393214e-05     ok
 5     3     5      1.0437378           0.0022610951     3.2752783   0.037806345     ok
 5     3     6      1.0437256           0.0022610231     2.3367309   0.071573606     ok
 5     4     6      1.0272126           0.0067922829    0.18160484    0.83393081     ok
 5     4     7      1.0273168           0.0067874759     0.1765361    0.91234008     ok
 5     5     7      1.0288632            0.018011455    0.26050889     0.7706593     ok
 6     2     4      1.1382344           0.0021200978     11.301828 1.2350322e-05     ok
 6     3     5      1.1211991           0.0042260447    0.46883277    0.62573221     ok
 6     3     6      1.1209931           0.0042134719    0.44592333    0.72018435     ok
 6     4     6      1.1192798            0.011549752    0.65619348    0.51882249     ok
 6     4     7      1.1176113            0.010981448    0.50993284    0.67541012     ok
 6     5     7      1.1528148            0.037320523    0.27784744    0.75741237     ok

Potential covariance matrix:
[[ 4.1683055286e-08  3.2656716759e-08  4.2988043987e-08 -2.0335689366e-08
  -6.0795887685e-08 -3.5187175104e-08]
 [ 3.2656716759e-08  3.7291607970e-07  1.4988702735e-07  4.9918076067e-08
  -4.1303773256e-08 -1.4334505199e-07]
 [ 4.2988043987e-08  1.4988702735e-07  1.3150790560e-06  4.4831831575e-07
   7.2338544749e-07  1.0098565373e-06]
 [-2.0335689366e-08  4.9918076067e-08  4.4831831575e-07  2.0573548440e-06
   1.0359834008e-06  7.0154836463e-07]
 [-6.0795887685e-08 -4.1303773256e-08  7.2338544749e-07  1.0359834008e-06
   5.1125512473e-06  2.4972770108e-06]
 [-3.5187175104e-08 -1.4334505199e-07  1.0098565373e-06  7.0154836463e-07
   2.4972770108e-06  1.7859453772e-05]]

Wrote:
/home/m2130292/Masterarbeit/laplace_static/results/laplace_Veff_R1-6_T1-7_t0avg48_correlated_plateau_windows.csv
/home/m2130292/Masterarbeit/laplace_static/results/laplace_static_potential_R1-6_T3-5_t0avg48_correlated.csv
/home/m2130292/Masterarbeit/laplace_static/results/laplace_static_potential_R1-6_T3-5_t0avg48_jackknife_samples.csv
/home/m2130292/Masterarbeit/laplace_static/results/laplace_static_potential_R1-6_T3-5_t0avg48_covariance.csv
/home/m2130292/Masterarbeit/laplace_static/results/laplace_static_potential_R1-6_T3-5_t0avg48_correlation.csv
/home/m2130292/Masterarbeit/laplace_static/results/figures/laplace_Veff_correlated_plateau_T3-5_t0avg48_R1-6.png
/home/m2130292/Masterarbeit/laplace_static/results/figures/laplace_static_potential_correlated_T3-5_t0avg48_R1-6.png
