Selected common plateau window:
 R fit_window  plateau_value  err_plateau_jackknife       chi2  dof  chi2_per_dof    p_value status
 1        3-5     0.48049378          0.00050620013 0.32441304    2    0.16220652 0.85026559     ok
 2        3-5     0.70226072           0.0013934996  3.3897124    2     1.6948562 0.18362563     ok
 3        3-5     0.83650611           0.0029189147  2.9881161    2      1.494058 0.22445994     ok
 4        3-5      0.9381154           0.0048879118 0.58238569    2    0.29119284 0.74737154     ok
 5        3-5      1.0457749           0.0074653731  3.7034955    2     1.8517477  0.1569626     ok
 6        3-5      1.1361574            0.010384162 0.42745031    2    0.21372515 0.80757031     ok

Key stability windows:
 R  Tmin  Tmax  plateau_value  err_plateau_jackknife  chi2_per_dof       p_value                 status
 1     2     4     0.48348474          0.00037717007     20.028219 2.0038023e-09                     ok
 1     3     5     0.48049378          0.00050620013    0.16220652    0.85026559                     ok
 1     3     6      0.4803168          0.00047569469    0.45668936    0.71256569                     ok
 1     4     6      0.4804309          0.00065000499     0.6518583    0.52107656                     ok
 1     4     7     0.48021597          0.00061495497    0.78187727    0.50383547                     ok
 1     5     7     0.47935887           0.0010297539    0.63441268    0.53024682                     ok
 2     2     4     0.70739713          0.00085570861     10.190401 3.7528825e-05                     ok
 2     3     5     0.70226072           0.0013934996     1.6948562    0.18362563                     ok
 2     3     6     0.70239406           0.0013751185     1.2463719    0.29104785                     ok
 2     4     6     0.70588312           0.0027756591    0.82252636    0.43932037                     ok
 2     4     7     0.70494888           0.0026221915    0.89955024    0.44045664                     ok
 2     5     7     0.69925861           0.0052747791    0.57645631    0.56188599                     ok
 3     2     4     0.84534357           0.0015120234      7.657335 0.00047256514                     ok
 3     3     5     0.83650611           0.0029189147      1.494058    0.22445994                     ok
 3     3     6     0.83633308           0.0029088934     1.1669323    0.32065877                     ok
 3     4     6     0.84259671           0.0058278365    0.98118326    0.37486727                     ok
 3     4     7     0.84276288           0.0057977241    0.68041503    0.56389041                     ok
 3     5     7     0.86210871            0.014775552  0.0074807743    0.99254714                     ok
 4     2     4     0.95203972           0.0022694543     5.0688284  0.0062897851                     ok
 4     3     5      0.9381154           0.0048879118    0.29119284    0.74737154                     ok
 4     3     6     0.93799012           0.0048765738    0.24138082    0.86751124                     ok
 4     4     6      0.9316866            0.010175401    0.11297731    0.89317093                     ok
 4     4     7     0.92652014           0.0096466693    0.92426461    0.42799814                     ok
 4     5     7     0.92676473            0.028177749     1.3863542    0.24998503                     ok
 5     2     4      1.0505646           0.0034798877    0.72053466    0.48649208                     ok
 5     3     5      1.0457749           0.0074653731     1.8517477     0.1569626                     ok
 5     3     6      1.0442449           0.0073678677     1.7740081    0.14967963                     ok
 5     4     6      1.0091106            0.019246605    0.70872035    0.49227373                     ok
 5     4     7      1.0081004             0.01915414    0.56826851    0.63586595                     ok
 5     5     7     0.96484243            0.045267048    0.29621827     0.7436251                     ok
 6     2     4      1.1352798           0.0049138497    0.15198745    0.85899906                     ok
 6     3     5      1.1361574            0.010384162    0.21372515    0.80757031                     ok
 6     3     6       1.136119            0.010384129    0.84812674    0.46732394                     ok
 6     4     6      1.1174426            0.032129237     1.0835343    0.33839741                     ok
 6     4     7            NaN                    NaN           NaN           NaN invalid_veff_in_window
 6     5     7            NaN                    NaN           NaN           NaN invalid_veff_in_window

Potential covariance matrix:
[[2.5623857431e-07 1.2180396260e-07 2.8805246809e-08 1.5941782028e-08
  6.1586855042e-08 3.2326297052e-07]
 [1.2180396260e-07 1.9418411025e-06 1.2459825262e-06 7.7775360509e-07
  2.3646964317e-06 1.1725024440e-06]
 [2.8805246809e-08 1.2459825262e-06 8.5200630735e-06 4.4006262736e-06
  5.1485157208e-06 8.1456457043e-06]
 [1.5941782028e-08 7.7775360509e-07 4.4006262736e-06 2.3891681610e-05
  1.3683571478e-05 1.5296910203e-05]
 [6.1586855042e-08 2.3646964317e-06 5.1485157208e-06 1.3683571478e-05
  5.5731794820e-05 3.3249358669e-05]
 [3.2326297052e-07 1.1725024440e-06 8.1456457043e-06 1.5296910203e-05
  3.3249358669e-05 1.0783082943e-04]]

Wrote:
/home/m2130292/Masterarbeit/laplace_static/results/laplace_Veff_R1-6_T1-7_t0avg6_correlated_plateau_windows.csv
/home/m2130292/Masterarbeit/laplace_static/results/laplace_static_potential_R1-6_T3-5_t0avg6_correlated.csv
/home/m2130292/Masterarbeit/laplace_static/results/laplace_static_potential_R1-6_T3-5_t0avg6_jackknife_samples.csv
/home/m2130292/Masterarbeit/laplace_static/results/laplace_static_potential_R1-6_T3-5_t0avg6_covariance.csv
/home/m2130292/Masterarbeit/laplace_static/results/laplace_static_potential_R1-6_T3-5_t0avg6_correlation.csv
/home/m2130292/Masterarbeit/laplace_static/results/figures/laplace_Veff_correlated_plateau_T3-5_t0avg6_R1-6.png
/home/m2130292/Masterarbeit/laplace_static/results/figures/laplace_static_potential_correlated_T3-5_t0avg6_R1-6.png
