Selected common plateau window:
 R fit_window  plateau_value  err_plateau_jackknife     chi2  dof  chi2_per_dof  p_value
 1        3-5       0.481552               0.001266 1.044327    2      0.522163 0.593236
 2        3-5       0.696894               0.003998 0.051138    2      0.025569 0.974755
 3        3-5       0.834223               0.007339 1.943868    2      0.971934 0.378351
 4        3-5       0.924332               0.011326 0.505184    2      0.252592 0.776785

Key stability windows:
 R  Tmin  Tmax  plateau_value  err_plateau_jackknife  chi2_per_dof  p_value
 1     2     4       0.484347               0.000826      4.192289 0.015112
 1     3     5       0.481552               0.001266      0.522163 0.593236
 1     3     6       0.481338               0.001240      0.587542 0.623102
 1     4     6       0.482494               0.002048      0.630084 0.532547
 1     4     7       0.481373               0.001873      1.027685 0.378996
 1     5     7       0.479650               0.002820      1.207520 0.298938
 2     2     4       0.706804               0.002177      4.225157 0.014623
 2     3     5       0.696894               0.003998      0.025569 0.974755
 2     3     6       0.698236               0.003947      1.508097 0.210134
 2     4     6       0.699945               0.007211      2.222081 0.108383
 2     4     7       0.698596               0.007085      1.817437 0.141519
 2     5     7       0.710590               0.013674      2.200369 0.110762
 3     2     4       0.844729               0.003633      2.166407 0.114589
 3     3     5       0.834223               0.007339      0.971934 0.378351
 3     3     6       0.835547               0.007301      1.677080 0.169524
 3     4     6       0.849952               0.013962      1.783245 0.168092
 3     4     7       0.845604               0.013838      3.003417 0.029155
 3     5     7       0.795758               0.033497      3.170159 0.041997
 4     2     4       0.944486               0.005974      2.179331 0.113117
 4     3     5       0.924332               0.011326      0.252592 0.776785
 4     3     6       0.921533               0.010899      0.443994 0.721553
 4     4     6       0.924041               0.022170      0.657558 0.518115
 4     4     7       0.923605               0.022149      0.505995 0.678126
 4     5     7       0.873530               0.060541      0.364070 0.694843

Wrote:
/home/m2130292/Masterarbeit/laplace_static/results/laplace_Veff_R1-4_T1-7_correlated_plateau_windows.csv
/home/m2130292/Masterarbeit/laplace_static/results/laplace_static_potential_R1-4_T3-5_correlated.csv
/home/m2130292/Masterarbeit/laplace_static/results/figures/laplace_Veff_correlated_plateau_T3-5_R1-4.png
/home/m2130292/Masterarbeit/laplace_static/results/figures/laplace_static_potential_correlated_T3-5.png
