pyerrors L(R,T):
 T  R  Ncfg      mean_Re  err_pyerrors  dd_err_pyerrors   S
 1  0   100 1.770838e-07  1.228260e-10     1.504305e-11 2.0
 1  1   100 1.026849e-07  9.254452e-11     1.133434e-11 2.0
 1  2   100 7.524935e-08  1.583533e-10     3.713714e-11 2.0
 1  3   100 5.886079e-08  2.008925e-10     4.711346e-11 2.0
 2  0   100 1.755036e-07  1.555350e-10     2.909793e-11 2.0
 2  1   100 6.251071e-08  1.068148e-10     2.505029e-11 2.0
 2  2   100 3.645866e-08  1.169196e-10     2.742009e-11 2.0
 2  3   100 2.471903e-08  1.008605e-10     1.886927e-11 2.0
 3  0   100 1.746978e-07  1.305097e-10     1.598411e-11 2.0
 3  1   100 3.839852e-08  5.321552e-11     8.414113e-12 2.0
 3  2   100 1.788650e-08  5.659861e-11     8.949025e-12 2.0
 3  3   100 1.057134e-08  6.002120e-11     9.490184e-12 2.0
 4  0   100 1.745059e-07  1.082808e-10     1.326164e-11 2.0
 4  1   100 2.376055e-08  5.213515e-11     9.753593e-12 2.0
 4  2   100 8.910498e-09  4.919865e-11     6.025580e-12 2.0
 4  3   100 4.622258e-09  4.558173e-11     5.582600e-12 2.0

pyerrors Veff(R,T):
 T  R  Ncfg     Veff  err_pyerrors  dd_err_pyerrors   S
 1  0   100 0.008964      0.001044         0.000195 2.0
 1  1   100 0.496327      0.001453         0.000308 2.0
 1  2   100 0.724628      0.002192         0.000410 2.0
 1  3   100 0.867602      0.003470         0.000549 2.0
 2  0   100 0.004602      0.000791         0.000097 2.0
 2  1   100 0.487319      0.001330         0.000163 2.0
 2  2   100 0.712133      0.002878         0.000352 2.0
 2  3   100 0.849426      0.004991         0.000789 2.0
 3  0   100 0.001099      0.000984         0.000120 2.0
 3  1   100 0.479992      0.002002         0.000245 2.0
 3  2   100 0.696816      0.005197         0.000637 2.0
 3  3   100 0.827264      0.009279         0.001136 2.0

Error comparison:
 T  R  Ncfg     Veff  err_pyerrors  dd_err_pyerrors   S  err_Veff_jackknife  err_custom_gamma  tauint_custom_gamma  Wopt_custom_gamma  ratio_custom_gamma_over_jackknife  ratio_pyerrors_over_jackknife  ratio_pyerrors_over_custom_gamma
 1  0   100 0.008964      0.001044         0.000195 2.0            0.000912          0.001023             0.635294                  5                           1.121563                       1.143787                          1.019815
 1  1   100 0.496327      0.001453         0.000308 2.0            0.001176          0.001354             0.669852                  5                           1.151649                       1.236149                          1.073373
 1  2   100 0.724628      0.002192         0.000410 2.0            0.001937          0.002079             0.581665                  5                           1.073152                       1.131677                          1.054536
 1  3   100 0.867602      0.003470         0.000549 2.0            0.003404          0.003395             0.502526                  5                           0.997450                       1.019510                          1.022116
 2  0   100 0.004602      0.000791         0.000097 2.0            0.000784          0.000746             0.457529                  5                           0.951788                       1.009799                          1.060949
 2  1   100 0.487319      0.001330         0.000163 2.0            0.001317          0.001243             0.449638                  5                           0.943556                       1.009810                          1.070218
 2  2   100 0.712133      0.002878         0.000352 2.0            0.002850          0.001405             0.122683                  5                           0.492843                       1.009765                          2.048857
 2  3   100 0.849426      0.004991         0.000789 2.0            0.004896          0.004170             0.366516                  5                           0.851784                       1.019442                          1.196832
 3  0   100 0.001099      0.000984         0.000120 2.0            0.000974          0.000475             0.120350                  5                           0.488154                       1.009803                          2.068615
 3  1   100 0.479992      0.002002         0.000245 2.0            0.001983          0.002056             0.542952                  5                           1.036841                       1.009799                          0.973919
 3  2   100 0.696816      0.005197         0.000637 2.0            0.005147          0.002751             0.144333                  5                           0.534572                       1.009780                          1.888950
 3  3   100 0.827264      0.009279         0.001136 2.0            0.009190          0.005001             0.149606                  5                           0.544162                       1.009618                          1.855363

Wrote:
/home/m2130292/Masterarbeit/laplace_static/results/spatial_avg_RT_R0-3_T1-4_n1-100_pyerrors.csv
/home/m2130292/Masterarbeit/laplace_static/results/laplace_Veff_R0-3_T1-3_n1-100_pyerrors.csv
/home/m2130292/Masterarbeit/laplace_static/results/laplace_Veff_R0-3_T1-3_n1-100_error_comparison.csv
/home/m2130292/Masterarbeit/laplace_static/results/figures/laplace_Veff_vs_T_pyerrors.png
/home/m2130292/Masterarbeit/laplace_static/results/figures/laplace_Veff_vs_R_pyerrors.png
/home/m2130292/Masterarbeit/laplace_static/results/figures/laplace_Veff_methods_R1.png
/home/m2130292/Masterarbeit/laplace_static/results/figures/laplace_Veff_methods_R2.png
/home/m2130292/Masterarbeit/laplace_static/results/figures/laplace_Veff_methods_R3.png
